10000 10005 10049 10049 10049 10049 10067 10078 10078 10078 10078 10078 10080 10080 10080 10080 10080 10080 10080 10081 10081 10091 10091 10091 10091 10091 10091 10091 10100 10106 10106 10106 10106 10124 10124 10140
10037
10 100 1000 1000 10005 10018 10038 10041 10041 10041 10041 10041 10041 10049 10049 10052 10075 10075 10075 10075 10078 10078 10078 10078 10078 10078 10078 10078 10078 10078 1008 10080 10080 10080 10080 10080 10080 10080 10080 10081 10081 10081 10081 10088 10091 10091 10091 10091 10100 10100 10100 10105 10105 10106 10106 10107 10114 10114 10122 10124 10124 10124 10124 10124 10124 10124 10124 10130 10135 10135 10139 10140 10140 10146 10151
10049
10078 10081
10014 10015 10038 10038 10078 10080 10080 10080 10091 10091 10091 10100 10100 10124 10124 10135 10139
10014 10015 10038 10038 10078 10080 10080 10080 10091 10091 10091 10100 10100 10124 10124 10135 10139
1
10124 10124
10005 10080 10081 10081
10146
10
10008 10023 10027 1003 10040 10046 10053 1007 10083 10089 10094 10097 10099 1010 10108 1011 10119 1013 10130
1
10080 10120
1009
10120
10008
10046
10094
10097
10037
1010
10119
10046
10097
10037
1010
1011
10119
10097
10097
1003
1009
1
1
10114
1
1
1
1 1
10080 10080 10080
10080 10080
10105
1
1011
10079 10079
1011
1 1 1
10098
10130
10130
10090
10
1010
1007
10043 10046 10054 10091 10092 10112 10112 10119 10140 10155
1008 1008
1008
10080
10032
10011 10108
10135
10050 10050 10054 10094
10008
10083
10054 10088
10043
10027 10040
10043
10037 10054 10078 1011 10135 10158
10135
10097
10106
10094
10122
10000
10094 10095
10105
10025 10078 10078 10119 10130
10062
10062
10062
10062
10097
10011 1010
1008
10043
10043
10032
10062
10008 1003 10032 10037 10046 10089 10094
1010
100
1011
10008
10083
10080
10083
10043
1009
10043
10023
10032 10109 1011
10032
10023
1 10057 10080 10083 10112
1003 10089
1011
10062
1
1007 1008 1008 10097
10011
1003
100
1003
10025
10043 10091
10076 10076
100
1011
1011
10106
10078 10080 10091 10153 10153 10154 10154 10155
10086
10057
10080
10130
10008 1003 10067
10074
10140
10011
1000
10027 10040
10089
10008
10091
10135
10090 10114 10114 10114
10062 10062
10014 10023 10023 10023 1003 1003 1003 10041 10041 10041 10043 10043 10043 10043 10046 10062 10062 10062 10078 10091 1011 1011 10119 10135 10135 10135 10135 10135 10135
1 100 10011 10011 10023 10025 10041 10041 10041 10041 10046 10052 10062 10062 10062 10062 1007 10073 10078 10080 10097 1010 10100 10105 10106 1011 1011 10112 10120 10120 10129 1013 1013 10130 10135 10135 10135 10135 10135 10135 10140 1015
1 10015 10023 10091 10114 10120 10120 10120 10124 10130
10146
10106
10000 10105 10140 10140
10074 10076 10076 10080
10089
1010
10083
1
1
1
1
10099
10027
10151
10099
10083
10097 10097
10110
10089
10089
10097 10097
10080
10050 10050
10011 10105
10032
1 1 1
1 1010
10032 10124
10040 10040
10011
100
10135 10135
10011
10011 10011 10068 10074 10074 10105 10108
10073
10011
10043 10054 10110
10 10 10119
10043 10043 10043 10043
10062
10094
10130
10089
10011
10130
10032 10089
10083
1 10048 10076
10130
10153 10153 10155 10155
10130
10135
10083
10053
10054 10129
10066
1007
1011
1015
1000 10025 10043 10156
10130
10011
1010
1011
10095 10102 10119 10119
1015
101 101
10136 10136
100
10094
10108
10043
1 10115
1013
10032
10089
1 10023 10027 10027 10037 10040 10040 10094 10099 1011 10130 10140
10119
10130
10008
10092 10097 10110
10089
10027
10008
10114
10053
10046
10094
10114
10135
10135
1003
10053
10040
10083
10040
10130
10038 10053 10061 10085 1009 10091 10092 1011 10112
1009
100 10099
10089
1015
10080
10035 10035 10067 10067 10094 10095 10100 1011 10110 10114 10140 10146 1015
10080
10043
1008
10092
10043
1007
10000
10078
10097
10011
10015
10037
10155
10080
10099
100
10099
1
10080
1 10154 10154 10155
1
10119
10080
10146
10057
10155
1003
10124
10037
10027 10035 10035 10040 10094
10140
10080 10080 10080 10080 10080 10080 10080 10080
1011
10094
1
1
1
1
10083
1
1
1
1007
1
10083
10011 10091
10130
10011
10083
10 10027 10040 10043 10078 10078
1010
10097
10054
1000
10008
10135
10089
10135
1008 1008
10115
1 10078 10080 10115 10140
1008
10119
10097
10083
10130
10038
10083
1008
1011
10099
10008
10011
10106 10130
10097
1003 10032 10037 10046 10053 10083 10083 10089 10097 10108 1011 10119
10074 10076 1013
1011
1011
10023
1003
10037
10027 10040
10078
10011
10011
10146
1
1
10078 10080 10080 10097 10097
10
10151
10128 10128
10023
1007
1003
10046
1007
1011
1013
10078
10008 10078 10094
10094 10095
10037 10130
10097
1010
10080
10043
1003
1015
10023
10080
10108
10046
10027 10040
10080
1
1
10135
1
1 10057 10078
10120
10100
10046
10046
10099
10089
10139
10110
10099
10155
10155
10052 10071
1011
10054
10109 10109
10115
10119
10046
10025
10107
10078
10078 10080 10080
10041
10041
10011
1000
10065 10065 10078 10078 10078 10080 10080 10106
10080
10089
10080
10091
10097
1010
10053
10073
10054 10091
10037
1011
10 1000 10023
1
10119
1 1
10023
1008 10080 10080 10080 10080 10080 10080 10080 10110
10023
10037
10053
10114
10089
10083
10027 10040
10032
10043
10119
10135
10037
10158
10080
10037
10041
10008
10120
10041
10108
1 10120 10120 10120
10027 10040
1 10015 10091 10120 10120 10120 10124
10080
10043 1013
10135
10062
10027 10040
10062
10135
100
10107 10120
10067
10011
10043
10120
10043
10140
1011
10094
10027 10040
1
10 10 10 1000 1000 1000 10000 10002 10005 10008 10018 10018 10023 10025 10027 1003 10032 10037 10038 10040 10041 10042 10042 10046 10052 10052 10053 10054 10057 10057 10058 10061 10066 10066 10067 10068 1007 10071 10071 10073 10074 10076 10078 10078 10078 10078 10080 10080 10080 10080 10080 10080 10080 10080 10083 10085 10086 10088 10088 10089 1009 10090 10092 10094 10095 10095 10096 10097 10098 10098 10098 10099 1010 10102 10105 10106 10106 10106 10108 10109 1011 10110 10110 10112 10114 10115 10119 10128 10128 10129 10129 1013 1013 10130 10139 10139 10139 10139 10139 10140 10146 10146 1015 10151 10151 10158 10158
10 10 10 1000 1000 1000 10000 10002 10005 10008 10018 10018 10023 10025 10027 1003 10032 10037 10038 10040 10041 10042 10042 10046 10052 10052 10053 10054 10057 10057 10058 10061 10066 10066 10067 10068 1007 10071 10071 10073 10074 10076 10078 10078 10078 10078 10080 10080 10080 10080 10080 10080 10080 10080 10083 10085 10086 10088 10088 10089 1009 10090 10092 10094 10095 10095 10096 10097 10098 10098 10098 10099 1010 10102 10105 10106 10106 10106 10108 10109 1011 10110 10110 10112 10114 10115 10119 10128 10128 10129 10129 1013 1013 10130 10139 10139 10139 10139 10139 10140 10146 10146 1015 10151 10151 10158 10158
10000 10005 10005 10005 10041 10041 10049 10049 10049 10049 10049 10049 10049 10049 10049 10067 10078 10078 10078 10078 10078 10078 10078 10080 10080 10080 10080 10080 10080 10080 10081 10081 10081 10081 10091 10091 10091 10091 10091 10091 10091 10091 10091 10091 10091 10091 10091 10091 10100 10106 10106 10106 10106 10106 10106 10106 10106 10106 10106 10124 10124 10140
1 1 1 10 10 100 100 100 1000 1000 10000 10005 10005 10005 10005 10005 10014 10014 10015 10015 10015 10015 10015 10018 10023 10023 10025 10025 10038 10038 10038 10038 10038 10041 10042 10043 10046 10048 10048 10049 10049 10049 10049 10049 10052 10054 10054 10054 10054 10057 10057 10066 10066 10066 10067 10067 10067 10068 10071 10071 10073 10073 10073 10078 10078 10078 10078 10078 10078 1008 10080 10080 10080 10080 10080 10080 10080 10080 10080 10081 10081 10081 10081 10083 10090 10090 10090 10091 10091 10091 10091 10091 10091 10091 10091 10091 10095 10095 10095 10095 10095 10096 10098 10099 10100 10100 10100 10100 10102 10105 10105 10105 10105 10106 10106 10106 10106 10106 10106 10106 10106 10106 10107 10110 10112 10114 10114 10114 10115 10122 10122 10122 10122 10124 10124 10124 10124 10124 10128 10128 10128 10129 10135 10135 10135 10135 10135 10135 10135 10135 10139 10139 10139 10140 10140 10140 10146 10146 1015 1015 1015 1015 10156 10156 10158
10158
10041
10005 10080
10025 10025 10043 10071 10078 10078 10080 10080 10106 10106 10129 10146
10078
10124
10139
10049
10081
1010
10155 10155
10005 10005 10049
10081 10081 10091 10091 10091
10100 10107
10091
1003
1013
10106
1010
10 10025 10088 10129
10042 10058 10128 1013 10139
10058
10080
10025 10058 10078 10080 10102 10128 10129 10158
10086
10049
10005 10005 10095 10095 10124
10091
10005 10014 10048 10124
10049
10091
10015 10043 10078 10078 10091 10106 1015
10124
1008
10 10 10066 10095 10095 10095 10106
100 10097
1003 10081 10124
10095
10053
10124
10158 10158 10158 10158
10140
10049
10140
10080
1 10048 10048 10080 10081 10091 10106 10110
10067 10073 10073
1008
1 1000 1000 10049 10081 10124
1 1 1 10005 10008 10015 10015 10041 10071 10124 10135
10102
10011
100 10080 10083 10083
10124
10066 10081 10091 10095 10129 10139
10000 10048 10091 10091 10095 10100 10140 10146 10146 10151
10071
10124
10015 10124 10124
10120
10053
10080
10080 10106 10124
10049 10124 10124 10124
10073
10058
10080 10080
1 10049 10080 10080 10080 10095 10110 10110
1
10099
10106
10041
10038 10100
10049
1 10043 10107
10049
1000 10057 10078 10080 10124
1 10 10 10014 10049 10054 10057 10066 10078 10078 10078 1008 10080 10080 10080 10081 10095 10100 10105 10106 10106 1011 10124 10124 10135 10140 10140
1 10041
10105
1015
10114
10080
10049
10027 10027 10040 10040 10049 10062 10064 10064 10105 10105 10105 10105 10105 10158 10158 10158 10158
10158 10158
10080
10091 10146
1000 10071 10078 10102 10120 10120 10122
10124
1000 1000 1000 1000
1 10 10000 10048 10049 10054 10054 10067 10071 10073 10078 10078 10078 10078 10080 10080 10081 10085 10088 10090 10091 10091 10095 10100 10100 10102 10106 1011 10112 10112 10114 10135 10140 10140 10140 10151
10078 10080 10080 10080
10049 10080 10080 10080 10080 10080 10080 10080 10081
1 1 1 1 1 1 1 1 1 1 1 1 1 1 1 1 1 1 1 1 1 1 1 10 10 10 10 10 10 100 100 1000 10005 10005 10005 10005 10005 10005 10005 10011 10011 10014 10014 10014 10014 10014 10015 10015 10015 10018 10018 10023 10023 10041 10041 10041 10042 10043 10043 10046 10048 10048 10049 10049 10049 10049 10049 10049 10052 10057 10058 10062 10062 10062 10066 10067 10068 1007 1007 10071 10071 10073 10073 10073 10073 10076 10078 10078 10078 10078 10078 10078 10078 10078 10078 10078 1008 1008 10080 10080 10080 10080 10080 10080 10080 10080 10080 10081 10083 10086 10089 10091 10091 10091 10094 10095 10095 10095 10096 10097 10097 10100 10100 10100 10100 10102 10102 10102 10102 10105 10106 10106 10106 10106 10106 10106 10107 1011 1011 1011 10110 10110 10110 10114 10120 10122 10122 10122 10122 10122 10124 10124 10124 10124 10124 10124 10124 10124 10124 10124 10124 10124 10124 10124 10128 10128 10129 10129 10129 10135 10135 10139 10140 10140 10140 10146 10146 10146 10146 1015 1015 10151 10151 10151 10155 10158 10158 10158
10002 10018 10042 10080 10098 10124 10124 10139
10002 10015 10043 10124
10073 10078
10027 10040
10014
10091
10096
10 10049 10078 10078 10100 10100 10106 10106 10106 10106
10100
10090
10106
10014
10124
10124
10091
10075 10075 10081 10081 10081 10081 10091
10080
10071 10088 10102 10146
10054 10098
10002 10002 10054 10067 10088 10098 10102 10114
1 1 1 1 10054 10054 10057 10061 10061 10068 10068 10071 10080 10085 10085 10086 10092 10092 10100 10107 10109 10110 10110 10112 10115 10115
10078
10099
1 1 1 1 1 10 10015 10043 10043 10049 10067 10068 10078 10078 10078 10080 10080 10080 10080 10091 10091 10091 10091 10091 10095 10100 10124 10124 10124 10155
10025
1 1 10049 10124
1
10048
10049
1 10078 10080 10080 10091 10091 10091 10110
10078
10151
10049
1 1
1
1000 1000
10151
1 1 1 1 1000 10005 10005 10005 10005 10014 10014 10014 10049 10049 10049 10049 10049 10057 10073 10073 10078 10078 10078 10078 10090 10091 10095 10095 10095 10099 10124 10124 10124 10135 1015
10043 10043
10054
10091
10080
10018 10025 10025 10078 10095 10102 10106 10106 10106 10158
1008
10081
10043 10049
10099
10049 10049 10106
10158
10095
10049
1 1 1 1 1 1 1 1 1 1 1 1 1 1 1 1 1 1 1 1 10 10 10 10 10002 10011 10025 10038 10041 10049 10054 10062 10062 10078 1008 1008 1008 10080 10080 10080 10080 10091 10091 10091 10100 10100 10107 10107 10122 10135 10146 10158
10080
10080
1015
1 1 1 1
1003
10088
10080 10106
10054
1 10005 10053 10095 10124
10135
10027 10040 10040 10097 10097 1010 1011 1011
10049 10124
10124
10068
10078 10124
10099
10124
1 1 1 1 1 10100
1 1 1 1
10110 10135 10135
10062 10062 10062 10062 10062 10062 10062 10062 10062
10080
10048
10088 10088
10025 10102
1008 1008 1008
100 100 100 10025 10025 10025 10049 10049 10049 10049 10049 10049 10049 10049 10061 1008 1008 1008 1008 10081 10085 10085 10088 10090 10091 10091 10091 10091 10102 10128 10155 10156 10156
10005 10049 10049 10049 10049 10081
10025 10025 10049 10049 10091 10091 10095 10128 10155 10156 10156
10049 10091
10078 10080 10080 10080 10091
10038 10038 10038
10005
10091 10091 10091 10091 10128
10129 10146
10038 10049 10054 10135 10135
10018 10018 10052 10052
10080
1 1 1 1 10 10 1000 10000 10000 10000 10005 10015 10038 10049 10049 10049 10049 10049 10049 10049 10049 10049 10054 10057 10071 10071 10073 10073 10078 10078 10078 10078 10080 10080 10086 10091 10095 10098 10100 10106 10106 10110 10114 10114 10122 10122 10122 10124 10151 10151 10155
1 1
10080
10080
10038
10105
10080 10091 10100
10005 10049 10080 10124 10146
1 10041 10078 10078 10078 10080 10080 10080 10081 10091 10100 10124 10124
1003 10041 10091 10091 10091 10095 10099 10122 10124 10146
10120
10080
10015
10080
10005 10091 10124 10124
10049 10080 10080 10081 10100
10105
10078
10080
10095
10041 10114
10091 10100 10107 10124
1000 10005 10005 10078 10078 10078 10078 10080 10080 10080
10078
10122
100 100 100 10011 10011 10011 10011 10025 10041 10041 10041 10041 10043 10043 10078 10078 10079 10079 10080 10080 10080 10080 10105 10106 10106 10124 10130 10130 10135 10135 10135 10135 10135 10135 10135 10155 10155 10155
1008 1008
1000 10014 10014 10014 10049 10067 10078 10081 10085 10088 10100 10102 10112
10071 10146
1
10155
10080
10124
10156 10156
10156
10015 10041 10068 10071 10124 10124
1008 10106 10107
10139
10065 10065 10078 10078 10078 10078 10078 10078 10078 10078 10078 10078 10078 10078 10078 10080 10080 10080 10080 10080 10080 10080 10080 10106 10106 10106
10122 10122 10122
10105
10064 10064 10105 10105 10105 10105
10100 10100 10100
1
10080
1008
10091
10048 10048 10078 10080 10080 10080 10080 10080 10080 10080 10080 10106 10106 10107
10049
10091 10091
10014
10080
10091
10080
10098
10091 10135
10122 10122 10122 10122 10122 10122 10122 10122
10043
10124
10062 10062 10062
10073 10073 10073 10073
10018 10073 10139 10139 10153 10153 10155 10155
10018 10106
10 10005 10041 10078 10078 10080 10080 10081 10091 10091 10095 10100 10110 10114 10122 10124 10124 10124 10135 10135 10140
1 1
10 10025 10080 10122 10122 10146
10106
1
10106
10129
10128 10158
1 1000 1000 10002 10005 10005 10015 1003 10043 10043 10043 10043 10043 10043 10048 10049 10049 10049 10049 10049 10049 10050 10050 10071 10071 10071 10071 10078 10078 10080 10080 10080 10091 10091 10091 10095 10095 10098 10100 10102 10106 10122 10124 10124 10128 10135 10135 10135 10139 10139 10139 10140 10146
10129 10129
10005 10005 10005 10005 10083
1
10135
10058 10058 10151 10151 10151
10100
10105
10151
1015
10080 10080 10091 10091 10106
10011 10011
10011 10011 10011
10122
10151
10049 10049 10057 10089 10095
10100 10100 10100 10100
10078
10078
10014
10107 10107
10080 10106
1
10081
10102 10102 10102 10102
10081
10041
10076
10005
10005
1000 10025 10071 10078 10078 10078 10095 10110 10110 10110 10110 10112 10128 10158
10042 10042 10042
10038
10038
10041
10091
10005
10102 10102 10102
10102
10092
10068
10110
10062
10115 10115
1008 10081 10091 10091
10107
10124
10124 10124
10 10122 10124 10146
10114
1
10109
10100
10014 10014 10014 10014 10014 10014 10014 10014 10089 10095 10106 10106 10122 10122
10078
10048
10 10100
10080
10078
10107
10158
10008 10071 10089
10015
1011 1015
10014
10078 10078 10078
10080
10041 10095 10095 10095 10100
10018 10052
10120 10120 10120
10043
10151 10151
10068 10068
10080
10052
10105
10000
10 10078
10156
10014 10014
10068
10080 10124
10100
10092
10081
10014
10080 10080
10091 10110 10139
10067 10091 10107
10071
10002 10058 10058 10071 10071 10073 10076 10078 10078 10078 10080 10086 10106 10106 10106 10110 10129 10130
1007
10122
1 1 1 1 1 1 1 10014 10014 10122 10122 10122 10122
10122
10014 10014 10100 10100 10100 10100 10100 10100
10043
10100
10100
10146
10129 10129 10129
1 10078
10090
1 10114 10124
1 1 1 1 1
10048 10081
10092
10049 10154 10154 10155 10155
1 10015 10015 10073 10124 10124 1015
10049
10120
1000 1000 10015 10091 10100 10122
10014
10066
10 10 10 10002 10054 10066 10068 10068 10098 10110 10110 10112 10146 10146 10146 10158
10057 10057 10109
10015 10124 10124 10124 10128
10048
10018
10049 10049 10049 10049 10078 10106 10146 10146
10 10 10 10 1000 10000 10005 10025 1003 10038 10041 10041 10041 10041 10042 10049 10049 10049 10054 10057 10065 10065 10066 10067 10067 10068 10071 10073 10073 10078 10078 10078 10080 10080 10086 10095 10095 10095 10096 10105 10105 10105 10106 10106 10106 10110 10110 10110 10112 10114 10114 10114 10114 10130 10139 10140 1015 1015 1015 10151 10158
100 100 100 10041 10080 10091 10095 1011
1008 10135
1015
10124
10049
10124
10 10000 10018 10078 10122
10041
10 10018
10038 10078
10090 10090
10151
10038 10038 10038
1008
10122 10122 10122
10 10 10 10 10 10 10 10018 10140
10140
10096
10091
10058 10066 10080
10048 10081
10 10078
10106
10078 10124 10124
10128 10128 10128
10080 10122
1015
10110
1000
10078
10073 10078
1 1
10140
10038 10086
10043
10122
10122 10122
10122 10122 10122
10073
10071
10 10080
1 10106 10122
10095
10066 10095
10038
10058
10089 10107
10105
10 10048 10078 10139
10098
1
10038
10091
10091
10120 10139 10139
10000 10025 10032 10038 10042 10046 10066 10071 10074 10080 10080 10080 10080 10080 10080 10080 10086 10089 1009 10094 10095 10098 10106 10106 10110 10114 10128 10128 10140 10140 10140 10146 1015 10151 10151 10151
10049 10049
10038
10038
10058
10 10124 10124 10140
10062 10062 10062
10049 10078 10091 10100 10122 10124 10124
10100 10122 10122 10122 10122
10058
10005 10005 10135
10124 10135
10080 10106 10106
10080
10095
10107
1
10139 10139 10139 10139 10139
10
10080
10049 10066 10066 10066 10078 1010
10146 10158
10097
10076
1 1 1 1 1 10062 10062 10062 10062 10062
10124
10124
10041 10041
10080
1
10014 10014
10129
10023
1000 1000 10000 10008 10008 10008 10023 10023 10023 10027 10027 10027 10027 1003 1003 1003 1003 10032 10032 10032 10032 10035 10035 10037 10037 10037 10037 10040 10040 10040 10040 10046 10046 10046 10046 10046 10046 10046 10053 10053 10054 10054 10061 10067 10067 1007 10074 10074 10076 10076 10083 10083 10085 10089 10089 10089 10092 10092 10094 10094 10094 10094 10097 10097 10097 10097 10099 10099 10108 10108 10109 10109 1011 1011 1011 1011 1011 1011 1011 1011 1011 10112 10112 10115 10115 10119 10119 10119 10119 10119 10130 10130 10130 10140 10140 10146 10146 1015 1015
10011 10011 10011 10011 10011 10011 10011 10011 10011 10011
1
10124
10048 10091
1 1 10048 10081 10091 10124
10 10008 10075 10075 10078 10078 10078 10081 10081 10089 10091 10091 10120 10135
1 10014 10038 10091
10049 10128
10135
10124
10091
10124
10018 10052
10057 10057 10057 10057
10053 10066 10108 10128 10135 10140 10155
10110
10100
10078 10106
10038 10038 10110
10091 10106
10018 10110 10139
10080
10110 10110
10057 10078 10078
1 1 1 1 1 1 10094
100 100 100 10011 10023 10067 10095 10106 10146
10100
10042 10091
10140 10140 10140 10140 10140 10140 1015
10100 10100 10100
10068 10085
10049
10048 10078 10081 10114
10043
10096
10090 10096
10106 10106 10135 10135
10114
10078
10122 10122 10122 10122 10122 10122
10122 10122
1
10 10049 10107 10120 10120
10043 10043 10043
10014
10124
10122
10071 10071
10005
10005
10050 10050 10054 10054 10120 10120 10120
100 100
100 100 10049
10135
10124
10151
10124
10140
10041
1
10124
10081
10151
10151
10042 10135 10140
10151 10151
10124
10140
10018 10081 10081 10091 10091 10091 10091 10091 10100 10106 10106 10156 10156
10124
10122
10122
10106
1
10015
10048
10067
10065 10065 10078 10095 10122 10122
10114
1015
10032
10018
10000 10052 10058 10086 10129 10140
10106
10067
10008 10023 10046 10067 10094 1011
10156
10107
10032
10048 10100
10048
10122 10124
10106 10106
10124
10035 10035 10067 10080
10080
10124
10057 10110
10054
10110 10110
10050 10050 10061 10074 10076 10092 10092 10109
10049 10049
10018
10054 10054 10054 10054 10057 10057 10057 10057 10061 10068 10074 10076 10085 10109 10112 10112 10115 10115
10068 10068
10139
1007 10078 10078 10078 10080 10080 10090 10091 10095 1010 10106 10128
1 1 1 1 1 1 1 1 1 1 1 1 1 1 10 10 10 10 100 1000 1000 10000 10000 10008 10023 10023 10025 10025 10025 10038 10052 10065 10065 10067 1007 10071 10073 10073 10078 10078 10078 10079 10079 10080 10080 10080 10080 10080 10080 10080 10080 10080 10080 10080 10083 10083 10091 10094 10094 10095 10097 10097 10097 10097 10099 10099 1010 1010 1010 1010 10102 10105 10105 10105 10106 10106 1011 1011 10110 10110 10114 10114 10114 10114 10124 10128 10129 10130 10130 10139 10140 10140 1015 1015 1015 1015 10153 10153 10154 10154 10155 10155 10155 10155 10158
10057
10005 10005 10078 10078 10122
10065 10065 10078 10078 10078 10080 10080
10124
10041 10048 10075 10075 10081 10081 10081 10081 10091 10106 10135
10048 10135
10015
10124
10
10043
1
1
10043 10135
1015 1015
10106
10122 10122
10014
10078
10080
10041 10043
10091
1 10124
1
10071
10078 10096 10122 10122 10122 10124 10140
10071 10071
10015 10015 10106 10135
10078
10129
1000 10098 10146
1 10041 10041 10048 10080 10080 10080 10081 10100 10106 10122 10139
1 10000 10078 10081 10086 10106
10105 10140
10000 10000 10025 10071 10090 10096 10105 10105 10114 10140
10011
10043 10043
10015 10015 10015 10015 10043 10043 10043 10124 10124 10124 10124 10124 10124 10124
10081 10106 10135
10048
10015
10108
10048 10122
10091 10091 10091
10091
10049
10023 10106 1011 10156
10015
10122
10014 10014 10014
10130
10112 10112
10018 10094 10095
1015
10112
10100
1015
10018 10052
10091
10124
1 10042 10062 10066 10071 10100 10100 10122
10062
10091
1 10023 10023 10027 10067 10080 10095 10100 10106 10106 10140 1015 10155 10156 10156
10073 10114 10140
1 10040
10042 10042 10080 10106 10106 10109
10080
10096 10096 10129 10129 10129
1008 10091 10091 10091 10091
10
10005
10140 10146
10049
10049
10035 10035 10067 10067 10067
10129 10129 10129
10067
10 10068 1011
10106
10078
10122
10139
10139
10049 10049
1
1 10043
10080
10015 10015 10048 10106 10124 10139 10139 10139
10107
10078 10078
10014
10041
10091
10005
10 10105
10080
10080
10041
10014 10014 10014 10073 10073 10091 10091 10091 10091 1015
1000
10048
10046 10046 10097 1010 1010 1011 1011 1011
10155
10
10014 10014 10041 10095 10095 10100 10122 10122 10122
10 10
10078 10122
10128
10078 10106
10080
1 10043 10071 10110 10122
10000 10043 10067 10073 10073 10081 10105 10140 10140
1015
10140
10095
1
10015
10078
1 10100 10100
1
10011 10011 10011 10011 10011
10005
10106
10049
10112
10135
10046 10083 10083 1011 1011 10112 10112 10119 10130
10080
10080
10097
10080
10135
10049
10100
10078 10098 10098 10098 10098 10098
10083
10083
10041 10043 10043 10043 10079 10079 10091 10106 10107 10153 10153 10155
10043 10043 10043 10080 10080 10135
10124
1008 10100
10015 10124 10124 10124 10124 10124 10124 10124
1 1 10124 10124 10124 10124 10124 10124 10124
10015 10015
10078
10124
10091 10135
10054
10027 10037 10040 10130 10140
1 1 1 10048 10073 10099 10100 10100
10049 10075 10075 10081 10153 10153 10154 10154 10156
10011 10049 10081 10088 10090 10090 10155 10156
10050 10050 10054 10054 10054 10054
10100 10124
10011
10011 10011 10155 10155
10124
10139 10139 10139 10139 10139
1
10128
10058 10058 10058
10080 10106 10106
10124 10124
10114 10135
1 1 1003
10073
10073
10105
1 10041 10062 10062 10062 10062
10086 10122
10048 10095 10100
10078
10005 10005 10041 10049 10049 10049 10049 10049 10049 10049 10058 10066 10078 10081 10091 10124 10124 10128 10128 10128 10128
10129
10080
10000 10000 10014 10014 10025 10025 10025 10025 10025 10064 10064 10071 10071 10073 10080 10105 10105 10114 10114 10114 10114 10114 10114 10128 10128 10128 10140 10140 10156
10090
10073 10124 1015
1
10080
10 10025 10027 10040 10046 10071 10078
10124
10124
10091
10049 10078 10078 10095
10058
10124 10124 10124
1
10114
1 1 1 1 1 1 1 1 1 1 10 10 10 10 1000 1000 10000 10000 10000 10000 10005 10005 10015 10023 10025 10025 1003 10038 10038 10041 10049 10066 10068 10071 10073 10073 10073 10073 10078 10078 10078 10078 10078 10080 10080 10080 10080 10080 10080 10080 10080 10081 10083 10088 10088 10089 10089 10091 10091 10091 10095 10096 10097 10102 10105 10105 10106 10106 10106 10106 10107 10107 10110 10114 10114 10120 10120 10120 10122 10122 10124 10124 10124 10124 10124 10124 10130 10135 10140 10146 10146 1015 10158
1008
10080
10054 10091
1003
10106
10122
10049
10014 10089
10095 10110
10
10106 10122
10080 10095
10000 10027 10040 10046 10046 10046
10005 10073 10096 1015 1015
1000
10018 10052
10015 10124 10124 10124 10124 10124 10124 10139
10105
10124
10124
10090 10090
10018 10018 10048 10048 10052 10052 10124 10139
10124
10090
10122 10122 10122 10122 10122 10155
10106
10000 10011 10015 1003 10038 10041 10043 10043 10043 10043 10043 10043 10043 10046 10054 10054 10054 10062 10062 10066 10067 10071 10078 10078 10078 10080 10088 10089 10090 10091 10091 10091 10094 10095 10095 10100 10100 10106 10106 10107 1011 10110 10115 10120 10120 10122 10122 10124 10135 10135 10135 10135 10139 1015 10156
1003
10005 10027 10040 10091 10130
10049
10079 10079 10095 10095
10066 1008 1008 10122 10124 10124
10 10041 10067 1015
10014
10025
10091
10102
10046 10071 10073 10073 10090 10090 10105 1011 10119 10130
10089 1010
10105
10151
10078
10011 10011 10078 10078 10106
10038 10038 10038
10038
10151 10151
10041
10100
10135 10135 10135 10135
10073
10
10053
10049
10014
10081
10073
10100
10122
10080 10106
10062 10062 10062 10062
10095
10095
10049 10124
1008 10108 1013 1013
10018 10052
1009
10122
10018 10052
10080 10124
10067
10158
1 10078 10078 10080 10080 10100
10046
1 10078 10124
10018 10018 10018 10018 10052 10052
10005 10080 10080 10124 10124 10124
10049 10081 10091
10151
10090
1009
10078
10135
10015 10080
10018 10041 10052 10057 10078 10078 10091 10122 10139 10140
10100
10005 10005
100 100 10067 10135
10151 10151
10139
10128
10095
10091 10091
10124 10124 10124 10124 10124 10124 10124
10046
10041 10041
10005 10015 10015 10025 10048 10052 10071 10078 1008 10080 10080 10080 10091 10091 10091 10091 10105 10106 10106 10106 10106 10122 10129 10135 10135 10139
10078 10080 10091 10106 10156
10096
10080
10049
1 10107
10100
10080
10151
1
1 10 10 1000 1000 10018 10049 10066 10071 10078 10080 10080 10080 10080 10080 10080 10088 10095 10095 10095 10096 10100 10102 10102 10106 10106 10106 10120 10124 1015 10151 10158
10080
1 1 10005 10005 10005 10005 10015 10025 10041 10042 10042 10049 10066 10078 10078 10078 10080 10080 10080 10081 10091 10091 10106 10106 10124 10124 10124
10005
10005 10041 10048 10049 10049 10049 10078 10078 10078 10078 10078 10078 10078 10078 10078 10078 10080 10080 10081 10081 10081 10091 10091 10091 10091 10091 10091 10091 10091 10091 10091 10100 10100 10105 10106 10106 10106 10106 10106 10122 10122 10124 10124 10124 10124 10124
10124
10140
10080
10080
10080
10095
1 1000 10057 10078 10078 10078 10078 10080 10080 10106 10106 10128 10129
10049 10049 10049 10049 10049 10049 10049 10049 10075 10075 10081 10081 10081 10081
10 1008 1008 10124
10107 10135 10135
10095
10005
10048 10091 10106 10124
10080
10080
10038
10000 10041 10041 10078 10080 10080 10105 10135 10140
10091
10065 10065 10078
10074 10092
10110
10106 10124
10106 10124
10066
10061 10085
10106
10110
10025 10049 10049 10049 10049 10049 10049 10049 10049 10080 10089 1009
10 1000 1000 1000 1010
10057
10080 10106 10106
10061 10085 10085 10114 10114 10114 10114
10078
10106
10092
10107 10107 10107
10
1 1 10005 10078 10091 10122 10124
10014
10106 10124
10080
1
1
10071
10005 10005 10049 10078 10078 10080 10080 10080 10080 10091 10106 10106 10106 10124
10096
10080
10122 10122 10122
10106 10106
10079 10079
10100 10100 10100 10100
10049
10078
10 1000 10049 10078 10091 10091 10091
10080
10106 10106
10
10005 10005
10081
10081
10080
10100
10015
10011 10011 10043 10043 10043 10043 10043 10043 10043
10135
10
1
1 1 1 1 1 1 100 100 100 100 100 100 100 10000 10005 10005 10005 10011 10011 10011 10011 10025 10025 10038 10041 10041 10043 10043 10043 10043 10043 10043 10043 10046 10046 10048 10048 10049 10049 10049 10049 10049 10049 10049 10054 10054 10057 10058 10062 10062 10062 10062 10066 10066 10066 10067 10067 10067 10067 10071 10071 10071 10073 10073 10073 10073 10073 10073 10078 10078 10078 10078 10079 10079 1008 1008 1008 1008 1008 10080 10080 10080 10080 10080 10080 10080 10080 10080 10080 10080 10080 10080 10080 10080 10080 10080 10081 10081 10081 10083 10086 10086 10090 10090 10091 10091 10091 10091 10091 10091 10091 10094 10094 10095 10096 10097 10097 10097 10100 10100 10100 10100 10100 10102 10105 10105 10106 10106 10106 10106 10106 10106 10106 10106 10106 10106 10106 10106 10106 10107 10109 1011 1011 1011 1011 1011 1011 10110 10110 10110 10110 10112 10114 10114 10114 10120 10122 10124 10124 10124 10124 10124 10124 10124 10124 10124 10128 10129 10129 10129 10135 10135 10135 10135 10135 10135 10135 10135 10135 10135 10135 10135 10135 10139 10140 10140 10146 10146 10153 10153 10154 10154 10155 10156 10156 10156
10 10 1000 1000 1000 1000 10008 10018 10018 10023 10025 10027 1003 10037 10040 10042 10050 10050 10052 10052 10054 10057 10058 10066 10067 10068 10068 10071 10080 10088 10092 10095 10097 10098 10098 10098 10099 1010 10102 10105 1011 10110 10112 10112 10115 10119 10129 10129 1013 10139 10140 10146 10158 10158 10158
10049
10057 1007 10081 10110 1013
1 1000 10083
10008 10023 10089 10089 10094 10119 10130
10 10018 10052 10078 10155
10041 1011
10114
10 100 10054 10054 10078 10080 10124
10043 10049
10043
10124
10078 10091
10091 10091 10091
10091 10091
10015
10080
10068
10041 10041 10139 10155
10048 10091 10091
10068 10097 10140 10140
10080
10091 10091 10135
10078 10078
1003 10061 10085 10085 10110 10110 10151
10015
1015
10135
10049 10078 10128
10135
10049 10049 10058 10058 1010
10074
10078
10078 10122
10042 10042 10066 10071
10078
10005 10091 10091 10106 10106 10106
10073 10073 10073 10080
10080
1000 10049 10081 10100 10107 10110 10122 10139 10139 10140
10081 10091 10124
10038 10080 10080 10091 10098 10102 10107 10140 10140 10146
10105
10041
10095
10049 10057 10057 10080 1010
10080 10106 10140
10018 10052 10073 10073
10049 10067 10158
1015
10
10043 10043 10043 10043
10091
1 1 1000 10005 10005 10018 10025 10025 10027 10038 10049 10054 10066 10068 10071 10073 10075 10075 10078 10078 10078 10078 10078 10078 10078 10078 10078 10080 10080 10080 10080 10080 10080 10080 10080 10081 10081 10081 10081 10091 10091 10095 10095 10095 10098 10100 10106 10110 10115 10122 10122 10122 10122 10122 10139 10146
10002 10002
10158
10135
10080
10135 10135
1 10 10 10 10 100 1000 10000 10000 10005 10018 10025 10025 10038 10038 10038 10041 10043 10043 10043 10052 10054 10054 10054 10054 10057 10057 10057 10066 10066 10066 10067 10067 10068 10071 10073 10073 10073 10078 10078 1008 1008 10080 10080 10080 10080 10080 10080 10080 10080 10081 10086 10088 10088 10090 10090 10091 10095 10095 10095 10095 10095 10095 10096 10096 10100 10100 10105 10105 10105 10105 10106 10110 10110 10110 10114 10114 10115 10122 10122 10124 10124 10128 10139 10140 10140 10140 10140 10140 10140 10140 1015 1015 10151 10156 10158
10135 10139
10015 10135 10135 10135 10135 10139
10122
1 10 10 10 10 10 100 1000 1000 10000 10014 10018 10018 10018 10025 1003 10038 10041 10041 10052 10054 10057 10058 10066 10067 10067 10068 10071 10071 10073 10078 10078 10078 10078 10078 10078 10078 1008 10080 10080 10080 10080 10080 10080 10085 10086 10090 10095 10096 10096 10098 10098 10100 10106 10106 10106 10106 10106 10106 10110 10112 10112 10114 10114 10114 10114 10114 10114 10115 10128 10129 10139 10140 10140 10140 10140 1015 1015 1015 1015
10122
10071 10071
10023
1 100 100 100 10106
10005 10005 10043 10081
10005 10005 10005 10005 10005 10043 10043 10107
10124
10091
10042 10146
10129
10100
10100
10100
10071
1 1 1 1 1
10080
1 1 1 10074 10074 10076 10120 10130
10080
10122 10122 10122
10014 10014
10049
1 1
10073 10073 10073 10073
10100
10106
10124
10122
10005
10043
10122
10080
10073
10
10071
10124 10124 10124
10086
10098 10098 10098
10107
10091
10080
1 10000 10071 10080 10080 10080 10080 10081 10105 10105 10107 10122 10124 10135 10135 10140
1 10038 10122
1000
10079 10079
10108
10048
10080 10080 10080
10015 10073
10124
10091
10049
10049 10091
10091 10091
10105
1015
10073
10014 10080
10091 10091 10091 10091 10091 10091 10091 10091 10091 10091
10091
10095
10080
10078 10091
10042 10042 10066 10071
10075 10075 10081 10081 10081 10081 10091 10091 10091 10124
1 10091 10091 10091 10100
10110 10158
10114
10
1
10078
10049
10067 10122 10122
1 1 10073 10073 10073 10073 10108
10049 10122
10000 10078 10105
10049 10049 10098
10110 10110
10078
1
10135 10135 10135
10073
10139
10090 10095 10095 10155
10095 10153 10153 10155 10155 10155
1015 1015
10146 10146 10146 10146
10146
10100 10100
10049
10080
10080
10081
10106
10080 10080
10049
10008 10008 10023 10027 10027 10027 10027 1003 1003 1003 1003 1003 10032 10032 10032 10032 10032 10032 10032 10032 10032 10035 10035 10040 10040 10040 10040 10046 10046 10046 10046 10046 10046 10046 10046 10046 10053 10053 10053 10053 10053 10067 10067 1007 1007 1007 10071 10083 10083 10083 10083 10083 10083 10083 10083 10083 10089 10089 10089 10094 10094 10094 10094 10094 10094 10094 10094 10095 10095 1010 1010 1011 1011 1011 1011 1011 1011 1011 1011 1013 1013 10140 10140 1015
10080 10083 10083 10083 10094 10114
10067
10086 10086
10091 10091
10038
10105
1 10091 10124 10124 10140
10086
10 10 10 1000 1000 1000 10000 10002 10005 10008 10018 10018 10023 10025 10027 1003 10032 10037 10038 10040 10041 10042 10042 10046 10052 10052 10053 10054 10057 10057 10058 10061 10066 10066 10067 10068 1007 10071 10071 10073 10074 10076 10078 10078 10078 10078 10080 10080 10080 10080 10080 10080 10080 10080 10083 10085 10086 10088 10088 10089 1009 10090 10092 10094 10095 10095 10096 10097 10098 10098 10098 10099 1010 10102 10105 10106 10106 10106 10108 10109 1011 10110 10110 10112 10114 10115 10119 10128 10128 10129 10129 1013 1013 10130 10139 10139 10139 10139 10139 10140 10146 10146 1015 10151 10151 10158 10158
10002 10057 1007 10105 1013
10105 10105
10
10073
10014
1 1008 10080 10107
10067
10122
10140
10049 10106
10078 10080
10000 10048 10080 10100 10100 10124 10124 10124 10135 10155 10156
10015
10080
10102 10110 10124 10139
10
1 10049
10105
10128 10129 10140
10100
10005
10014 10014
10065 10065 10078
10151
10140
10071 10071
10091 10124
10106
1 1 1 1 1000 10005 1003 10078 10091 10100 10110 10114 10140 10153 10153 10154 10154 10155 10156
10005
10140
10080 10080 10080 10080
10098
10095 10095 10095
1013
10 10005 10005 10078 10079 10079 1008 1008 10080 10080 10080 10080 10081 10100 10100 10100
10067 10140
10005 10091 10091 10091 10091 10124 10124
10108
10073 10073
10080
10058
10122
10
1 1 1 10054 10071 10073 10076 10080 10095 10106 10107 10107 10107 10109 10110 10112 10112
10124
1000
10129
10049
1 10078 10095
10011
10015
10049
10124
1000 10067 10091 10100 10122 10124
10002 10015 10081 10100 10100 10100 10100
10014 10015 10015
10078 10158
10091
10091
10080
10066
10066 10066 10088 10098 10098 10098 10102 10146 10146 10146 10146
10042 10042 10042
10073
1000
10011 10011 10011 10011 10011 10011 10011 10011 10011
10151 10151 10151
10038
1
1
10095 10095 10095
10078 10080 10091
10043 10043
10124 10124 10124
10139
10139
1007
10005 10005 10005 10048 10100 10124 10124 10124 10124 10124
10124
10048 10048 10124
10135 10135
10025
10018 10025 10052
10025
10122
1011
10108
1 1 1 1 1 10 10000 10008 10008 10008 10008 10011 10011 10011 10011 10011 10011 10023 10023 10025 10025 1003 1003 10032 10032 10032 10032 10037 10037 10037 10037 10038 10040 10040 10040 10040 10043 10043 10043 10043 10043 10043 10043 10043 10043 10043 10043 10043 10043 10043 10043 10052 10054 10054 10057 1007 1007 10071 10073 10073 1008 1008 1008 1008 1008 1008 1008 10080 10080 10083 10083 10083 10089 10090 10094 10094 10097 10097 10097 10097 10099 10099 10099 10099 1010 1010 10100 10102 10105 10108 1011 1011 1011 1011 1011 1011 1011 1011 10110 10110 10119 10119 10124 10129 1013 1013 10130 10130 10130 10130 10130 10130 10130 10139 10140 10153 10153 10154 10154 10155 10155 10155 10155 10158
10073
10095
1011
10038
10038 10038
10038
10122
10000
10015 10124
10091 10091 10124
10079 10079 1008 1008
1009
10011 10048 10081 10091 10100
10106 10124
10067 10078 10124
10005 10005 10049 10071 10078 10078 10078 10080 10080 10080 10080 10091 10091 10106 10124 10158
10015 10080 10080 10114 10122
10078
10129
10018 10080 10091 10091
10106
10
10005
10106
10027 10040 10094 10094 10119 10130 10130
1 1 10078 10078 10078 10124
10038 10106
10079 10079
10066
10124
10078 10106
10095
10
10153 10153 10156
100 100
10005
10027 10040 10130
1 10014
10014
10014
1000 1000 1000 1000 1003 10049 10058 10058 10088 10088 10100 10135 10155
10124
10155
10048 10091 10091 10091 10091
10011 10011 10078 10078
10139
1 10107 10107 10122
10049 10049
10048
10095
10078 10095 10107
10095 10124 10135
10066
10000 10008 10008 10008 10008 10023 10023 10027 10027 10027 1003 1003 10032 10032 10037 10037 10037 10040 10040 10040 10046 10046 10046 10049 10053 1007 1007 10080 10083 10083 10083 10089 10089 10089 10089 1009 10094 10094 10094 10097 10097 10097 10097 10099 10099 1010 1010 1010 10105 10105 10106 10108 10108 1011 1011 1011 1011 1011 1011 10114 10119 10119 10119 10130 10130 10130
10041
1 1 1 1 1 1 1 1 1 100 10005 10005 10014 10049 10054 10073 10078 10105 10122 10124 10155 10155 10155 10156
10078 10114
10015 10071
1003
10048
10107
10008 10089 1009 1009 10156
10027 10040 10061 10078 10085 10089 10094 10094 10100
10080 10081 10091 10091 10095 10100 10106 10106
10091
10122
1
10080 10128 10128
10058 10098
1 10 10000 10005 10005 10005 10018 10049 10052 10053 10058 10065 10065 10067 10078 10078 10078 10078 10078 10078 10080 10080 10080 10080 10081 10081 10081 10086 10091 10091 10091 10091 10091 10091 10091 10100 10100 10106 10106 10106 10108 10122 10124 10124 1013 1013 10140 10156 10156
10008 10023 10027 1003 10040 10046 10053 1007 10083 10089 10094 10097 10099 1010 10108 1011 10119 10128 1013 10130
10091 10091
1009
10066 1013
1 10005 10078 10091 10091 10106 10122
10080
10054
10091
10027 10027 10040 10040
10107
10015
10089
10110
1
10080
10 10073
10043
1 1 1
10097 10100 1015
1 1 1 1 1 1 1 1 10 10 10 10 10 10 10 10 10 10 100 1000 1000 1000 1000 1000 1000 1000 10000 10000 10000 10000 10005 10005 10008 10014 10014 10014 10014 10014 10014 10014 10015 10015 10015 10018 10018 10018 10018 10018 10018 10025 10025 10025 10025 10025 1003 10038 10038 10041 10041 10042 10042 10043 10046 10046 10048 10048 10048 10049 10049 10049 10049 10049 10049 10049 10049 10049 10052 10052 10052 10052 10054 10054 10054 10054 10057 10057 10057 10057 10058 10058 10058 10062 10066 10066 10066 10067 10067 10067 10067 10068 10071 10071 10071 10071 10071 10071 10073 10073 10073 10078 10078 10078 10078 10078 10078 10078 10078 10078 10078 10078 10078 10078 10078 10078 1008 1008 1008 1008 10080 10080 10080 10080 10080 10080 10080 10080 10080 10080 10080 10080 10080 10080 10080 10080 10080 10080 10080 10080 10080 10080 10080 10080 10080 10080 10080 10080 10081 10081 10083 10083 10085 10086 10088 10088 10089 10089 10090 10090 10090 10091 10091 10091 10091 10091 10091 10091 10091 10091 10091 10091 10091 10094 10095 10095 10096 10097 10098 10098 10098 10098 10098 10099 1010 10100 10100 10100 10100 10100 10100 10100 10100 10100 10100 10102 10102 10102 10105 10105 10105 10106 10106 10106 10106 10106 10106 10106 10107 10107 10107 1011 1011 1011 10110 10110 10110 10110 10110 10110 10110 10112 10112 10114 10114 10114 10114 10115 10119 10120 10122 10122 10124 10124 10124 10124 10124 10124 10124 10124 10124 10124 10128 10129 10129 1013 10130 10130 10135 10135 10135 10135 10135 10139 10140 10140 10140 10140 10146 10146 10146 10146 1015 1015 1015 1015 10155 10155 10156 10156 10158 10158 10158 10158
10041
1 1000 1000 10005 10065 10065 10078 10078 10078 10078 10078 10078 10078 10080 10080 10080 10106
1000 10005 1003 10073 10139
10095
10025
10078 10078 10078
10043 10071
10146
10011 10011 10011 10011 10078 10078 10078 10078 10078 10078 10078 10078 10080 10080 10080 10080 10080 10080 10080 10080 10080 10080 10080 10080 10080 10080 10080 10080 10080 10080 10091 10091 10091 10106 10106 10106 10106 10106 10106 10135
10135
10015 10015
10124
1 10074
10124
10074
1 1 1 10005 10005 10005 10014 10015 10035 10035 10038 10048 10048 10049 10049 10049 10054 10054 10068 10068 1007 10071 10071 10073 10078 10080 10080 10080 10081 10091 10091 10091 10095 10100 10100 10110 10112 10114 10122 10122 10122 10122 10122 10124 10124 10124 10124 10128 10135 10135 10135 10139 10140 10146 10155 10155 10156
10 1000 1000 10023 10041 1008 10080 10080 10080 10081 10091 10091 10109
10097
1 10015 10043 10080 10080 10122
10078 10080
1 1 10005
10097 10097 10097 10097 1010 1010 1011 1011 1011 1011
10091
10041 10078 10095 10105 1011 1011 1011 10140 10140
10
10008 10023 10046 10058 10067 1007 1007 10094 10095 1011
10041
10005
10080
1015
1015
10000 10015 10023 10023 10043 10043 10049 10067 10078 10081 10105 10106 10106 10124 10130 10140 10146 1015 1015
10091
10043 10043 10043
10086
10124
10100 10122
10122
1003 10122
10086
10005 10049 1007 10078 10080 10080 10106 10106 10114 10128 10146
10080
10005 10078 10091 10091 10106 10106 10106 10124
10041 10078 10080 10081 10081 10124
10080
10038 10043 10100 10124 10124 10124
1008
10 10120 10122 10155
1 10011 10015 10015 10038 10071 10078 10078 10106 10124 10139
10091
10124
10106
10049 10080
10098 1013 10139 10139 10146
10066 10078 10080
1000 10078
10080
10097
10066 10098
10122 10122 10124 10124
10091 10146 10151 10151
10057 10068 10078 10112
10037
10071 10071 10154 10154 10155
10048 10081 10081 10091 10091 10139 10139
10005 10005
1 10 10018 10078
10043
10080
10081
10071
10073
10080 10106 10106
10073 10073 10073
10073
10078
10080
10096
10025
10 10037 10061 10074 10076 10080 10092 10110 10110
10054 10068 10085 10109 10112 10115
10128
10071 10110
10068 10112 10115
10 10 100 100 100 100 100 1000 10011 10011 10011 10011 10011 10011 10011 10011 10011 10011 10043 10043 10050 10050 10054 10054 10068 10068 10078 10078 10078 10078 10078 10078 10078 1008 1008 1008 10080 10080 10080 10080 10088 10091 10091 10105 10106 10106 1013 10135 10135 10135 10135 10135 10135 10135
10096 10096 10096
10096
10041
10014
10130
1 1 1 10 10 10015 10046 10057 10078 10080 10080 10080 10080 10085 10106 10119 10130 10146 10146
10078
10105
1 1 100 10027 10124 10156 10156
1011
10140
10049 10122
10049 10049
10095
10078 10080 10080 10080 10080 10080 10080 10080 10106 10106 10106 10146
10097
10073 10073 10073 10073 10073 10073 10073 10073 10073
10062
10076
10080
10049
10 10018 10065 10065 10067 10078 10080 10106 10106 10122 10122 10158
1000 10078 10078 10080 10106 10124 10139
1000 10025 10080 10086 10106 10106
10119
10091
10005 10078 10080 10106
10124
10128
10011
10037
10080 10080 10091
10078
10078 10122
10100
10078 10091 10091
10014
10130
10124
10129
1 1 1
10049 10066 10080
10080 10100
10049
10106 10106
10080
10005 10122
10000
10091 10106
10130
10091 10107
10130 10130
10005 10005 10005
10073
1
10091
10054
1007 1013
10106
10043 10043
1000 10091 10158
10078
10124
10049
10015
10080
10122
10122
10014 10014 10014 10095
10091
10135
10011 10011 10014 10091 10135
10002 10018 10090 10098 1015 1015
10071
10 10 10 10015 10025 10078 10078 10078 10078 10080 10080 10088 10091
10015
1 10078 10078 10080 10080 10080 10091 10107 10124 10124 10124 10135 10135 10135
10067
10005 10005
10091 10129 10139
10
10068 10074 10076 10092 10094 10109 1013
10129
10042
1003
10091 10096 10106
10078
1015
10110
10066 10128
1
10122
10122 10124
10100 10122 10122 10124 10124 10124 10124
10038
10 10000 10049 10135 10151
10011 10011 10043 10043 10043 10078 10106 10124
10027 10027 10040 10040 10041 10140 10151
10008 10008 10008 10008 10008 10008 10027 10027 10027 10027 1003 1003 1003 1003 10040 10040 10040 10040 10046 10046 10067 1007 1007 10080 10089 10089 10089 10089 10089 10089 1010 1010 1011 1011 1011 10114 10114 10140 1015 1015
10114
10041 10041
10096
10078
10100
10100
1007 10073 10073 10115 10115
10015
10124 10124 10124 10124 10124
10005 10015 10124
1
10124
10124 10124
10091
1008 10091
10128 10129
10049
10107
10080
10073
1003 10048 10048 10048 10073
10035 10035 10067 10067 10067
1000 10078 10078 10078 10106
1
10 10025 1003 10066 10107 10139
10158
1008 10120 10122
10091
10158
10124
10114
10094 10095
10073
10008
10050 10050 10054 10061 10074 10076 10092 10109
10000 10027 1003 10032 10035 10035 10037 10040 10040 10046 10053 10083 10083 10089 10089 10094 10097 10105 10108 10109 1011 10114 10119 10140
1
10094 10095 10095 10095 10095
10000 10000 10000 10000 10000 10046 10064 10064 10067 10068 10071 10071 10073 10094 10095 10096 10096 10097 10105 10105 10105 1011 1011 1011 10114 10114 10114 10114 10140 10140 10140 10140 1015 1015
10054 10085 10085 10115
10114
10008
10106 10106
10100 10100 10100
10078
10151
10078 10078 10078 10080
1000 1000 1000 10054 10115
10054 10080 10080
10095
10080
10081
10091 10091 10091
10091 10091 10091 10091 10091 10091
10078 10078
10107
10124
10115
10078
10100
10122
10000 10091 10122
10071
10049 10049 10080 10124 10135
10140
1010
10005
10098
10135
10098 10146
10057 10066 10088 10088 10095 10106 10110
1 10106 10124
10135
10005
10090
10090 10090
10122
10122
10054 10057 10061 10064 10064 10068 10074 10076 10085 10092 10105 10105 10109 10112 10114 10115
10114
10096 10124
10071
10091 10124
1003
10038 10038
1015
10049
10038
10124 10124 10124
10124
10005
10091
10038
1
10073
10068 10068
10049
10078 10102
10124 10124 10124
10114
10124
10091
10048
10107
100
10041 10155
1
10014
10140
10107 10122
10049
10124
10 10158
10090
10095
10014
10005 10124
10041 10041 10043 10043 10043 10043 10135 10135 10135 10140
10005 10095 1015 1015 1015
10078 10081 10100 10124
10081
10110
10074
10049
10099
10015
100 10049 10081 10088 10155 10156
10078 10078 10080 10080
10106
1015
1007 1013 1013
1011
10023 10114
10080 10106 10106
10081
10078 10080 10080
10073
1
10106
10080
10106 10140
10041 10090 10122 10124 1015
10090 10114
1003 10071 10073
10064 10064 1013 1013 1015 1015
10096
10124
10080
10106 10139
10032 10032
10000 10000 10080 10080 10096 10140
10097
1 1
10048
1008 1015 1015
10135 1015
10008 10008 10023 1003 1003 10037 10037 10040 10040 10046 10046 10053 1007 10083 10083 10089 10089 1009 10094 10094 10097 10097 1010 10108 1011 1011 10119 10119 1013 10130 10130
10071
10128 10128
10 10098 10106
10
100 100 10011 10078 10135 10135
100 10135 10154 10154
10043
10005
10071 10071
10049 10080 10081 10106
10091
10115 10115
10106 10106 10106 10106 10106 10106 10106 10106 10106
10078
10000
10000 10000 10000 10000
10005 10091
10080
1 100 100 100 10011 10011 10011 10080 10080 10080 10080 10105 10135 10155
10080
10015 10080
1 10100
10078
10095
10122 10122
10080
10062 10106
10078
10058
1 1 1 1 1 10 10 10 10 10 10 10 100 100 1000 1000 1000 10000 10000 10000 10000 10002 10005 10005 10011 10011 10015 10015 10015 10018 10018 10025 10025 10025 10025 10038 10038 10038 10041 10041 10041 10041 10041 10041 10043 10048 10048 10049 10049 10049 10049 10049 10049 10049 10049 10052 10054 10054 10054 10054 10054 10057 10057 10057 10058 10062 10062 10062 10066 10066 10066 10067 10067 10067 10068 10071 10071 10073 10073 10073 10073 10073 10073 10073 10078 10078 10078 10078 10078 10078 10078 10078 10078 10078 10078 10078 10078 1008 10080 10080 10080 10080 10080 10080 10080 10080 10080 10080 10080 10080 10080 10080 10080 10080 10080 10080 10080 10080 10081 10081 10081 10081 10085 10086 10086 10088 10088 10090 10090 10091 10091 10091 10091 10091 10091 10091 10091 10091 10091 10091 10091 10091 10095 10095 10095 10095 10095 10096 10096 10096 10098 10098 10100 10100 10100 10100 10100 10102 10105 10105 10105 10105 10105 10106 10106 10106 10106 10106 10106 10106 10106 10106 10106 10106 10107 10107 10107 10110 10110 10110 10110 10112 10114 10114 10114 10114 10114 10115 10120 10120 10120 10122 10122 10122 10122 10122 10122 10122 10122 10122 10122 10122 10124 10124 10124 10124 10128 10128 10129 10129 10135 10135 10135 10139 10140 10140 10140 10140 10140 10146 10146 1015 1015 1015 10151 10151 10155 10156 10158 10158
10071
10 10 10000 10000 10018 10018 10052 10071 10071 10073 10073 10090 10106 10106 10110 10110 10130
1 1 1 1 1 1 1 10011 10011 10027 10027 10041 10041 10041 10052 10071 10099 10105 10105 10105 10120 10120 10129 10140
1 10000 10005 10054
10058
10119
10080
10110
10071
10106
10110
10078
10061 10085 10085 10090 10140
10086 10086
1000 10107 10124
10005 10078
10065 10065 10075 10075 10079 10079 10081 10106 10153 10153 10154 10154
10078
10155
10053 10071 10129
10076
10043 10043
1 10062 10062 10120 10120 10120 10120 10120
100
1015
10000 10014 10073 10073 10110 10156
10105
10081
10043 10124 10124
10124
10095
10049 10049 10073 10110 1015
10066 10066 10066
10 10
10005 10078 10078 10091
10139
10005
1
10043 10078 10091 10139
10000 10035 10035 10043 10064 10064 10067 10100 10105 10114 10140
10091
10071 10071 10080 10086 10086 10106 10139 10140
1
10052 10140
10151
10081
10015 10140
1 1 1 1 1
10091
10124
10124
10049
10014
10130
10005 10005 10049 10049 10049 10049 10081 10128 10129 10129
1008 10080 10100 10122
10038 10091 10091 10100 10106 10151
10050 10050 10057 10061 10076 10085 10110
10057
10032 10083 10091 10119
10080 10080 10080 10122
10005 10005
10 10 1000 1000 10000 10002 10002 10023 10023 10046 10046 10054 10057 10067 10067 10078 10078 10080 10080 10080 10085 10097 10105 10106 10112 10115 10119 10130 10139 10140 10140 10146 10146 10146 1015 1015
10088 10106
10002 1003 10054 10054 10057 10068 10098 10098 10102 10114 10115 10146 10146 10158
10 10 10 10054 10054 10057 10057 10057 10057 10071 10078 10078 10098 10098 10106 10110 10110 10110 10110 10146
10043 10107 10124
10043 10048
10005
10014 10080
10025 10025 10025 10025
10078 10078
1007 1013
1 1 10107
10096 10096
10096
1 1
10043 10043 10043
10023
10086
10048
10091
1008
10124
10100
10005
10049 10122
10066 10091
10135
1
10080
10008 10008 10023 10027 10027 1003 1003 10032 10032 10035 10035 10037 10037 10040 10040 10046 10046 10053 1007 1007 10083 10083 10089 10089 1009 10094 10094 10097 10097 10099 1010 10108 1011 1011 10119 10119 1013 10130 10130
10027 10040 10040 10097 10097 1010 1011 1011
10023
10038
10038
10080
10080
10078
10066 10071 10151
10140
10000 10000
10078 10078 10078 10078 10078
10124
1 10014 10066 10078 10091 10114 10114
10122
10100
10080
1003 10032 10048 10061 10067 10068 10080 10085 10091 10091 10091 10094 10107 10108
10081 10081
10106
100 10041 10041 10080 10135
10011
10080
1 1 1 1 1
10124
1008 10122
10011
10096 10096
1 1 10 10041 10052 10073 10073 10090 10106 10107 10107
10106
1 10091 10106 10106 10106 10107
10091
10078 10080
10000
10005 10073
10091 10091
10078 10107 10139 10139
10043 10043 10043
10107 10107
10107
10139
10066
1000 10015 10049 10057 10100
10114
10078 10078
10080
10049 10081 10106 10106
10038
10048 10048 10048
10119
10124
10002 10002 10050 10050 10054 10054 10097
10048 10048 10073 10156
1000
10124
1 10107 10107
10124
10078 10106
10048
10091
10048 10078 10106
10091
10078 10081
1 10106
10005
10065 10065 10078 10078 10078 10078 10078 10078 10078 10080 10080 10080 10080 10080 10080 10080 10080 10106
1
10038 10100
10102
10073 10156
10015 10015 10015 10049 10080 10100 10106
100
10011 10100 10135
10080
10049
10043
10091
10081
10091 10091 10091
1008 1008 1008 1008 1008 1008 1008
10122
1 1 1 10091 10106 10124
10 10 1000 1000 10050 10050 10054 10054 10054 10054 10068 10068 10068 10068 10073 10078 10078 10080 10080 10080 10080 10080 10080 10080 10080 10088 10098 10102 10106 10106 10106 10110 10110 10110 10112 10122 10122 10122 10122 10122 10122 10122 1015 10158
10
10057
10100
10080
10037 10050 10050 10054
10124
10146 10146 10146 10146 10146 10146 10146 10146
10080
10041 10049
10049
10049
10105
10015 10015 10049 10066 10080 10105
10066
10088
10081
10048 10071 10102 10146
1000
10049 10049 10067
1000 10058 10071 10139 10140 10140 10146
10095
10110
10088 10088 10088
10095
10049 10049 10080 10091 10091 10124 10135
10014 10014 10107 10107 10107 10107 10107 10107 10107 10124 10124 10124 10139 10139
10091
10106
10038
1
10000
10106
10015 10066 10091
10049
10105
10106
10100
10091
10080
10000
10120
10120
10
10124
10049 10049 10109 10124 10140
10 10 10083 10129
10102 10102 10102
10049
10151 10151
10
10043
10005 10139
10100
10080 10106
10081
10106
10100
10048 10066 10100 10106 10106 10106
10081
10080 10091 10091
10015 10015 10015 10097 1010
10041 10124
10096 10124
10
10 10
10005 10005 10005
10140
10002 10002
1 1
10096
10080
10088
10014 10091
10 10 10 10 10 10
10
10042
10106 10106
10000 10018 10052 10058 10086 10098 10129 10135 10140 10146
10130
10005 10005 10091
10
10080
10038 10080 10106 10106
10107
10000 10005 10041 10071 10078 10078 10080 10080 10091 10135 10158
1 10005 10005 10005 10005 10011 10015 10042 10043 10043 10049 10049 10049 10049 10057 10066 10078 10078 10078 10078 10078 10078 10080 10080 10080 10080 10080 10080 10080 10080 10080 10080 10080 10081 10081 10081 10081 10091 10091 10091 10091 10091 10091 10091 10095 10095 10106 10124 10124 10124 10124 10124 10139 10156
10005 10005 10005 10005
1 1 1 1 1 1 1 1 1 1 1 1 1 1 1 1 1 1 10 10 10 10 10 10 10 10 10 10 10 10 10 10 10 100 100 1000 1000 1000 1000 1000 1000 1000 1000 10000 10000 10000 10000 10000 10000 10000 10002 10002 10005 10005 10005 10005 10005 10005 10005 10005 10005 10005 10005 10005 10005 10005 10005 10011 10011 10011 10011 10014 10014 10014 10014 10015 10015 10015 10015 10015 10015 10018 10018 10018 10018 10025 10025 10025 10025 10025 10025 10038 10038 10038 10038 10038 10041 10041 10041 10041 10041 10041 10041 10041 10042 10043 10043 10043 10043 10043 10043 10046 10046 10048 10048 10048 10048 10048 10048 10048 10049 10049 10049 10049 10049 10049 10049 10049 10049 10049 10049 10049 10049 10049 10049 10049 10049 10049 10049 10049 10049 10049 10049 10052 10052 10052 10054 10054 10054 10054 10054 10054 10057 10057 10057 10057 10058 10058 10058 10062 10062 10062 10062 10062 10062 10062 10062 10066 10066 10066 10067 10067 10067 10067 10067 10067 10067 10067 10067 10068 10068 10068 10068 10071 10071 10071 10071 10071 10071 10071 10071 10071 10073 10073 10073 10073 10073 10073 10073 10073 10073 10073 10073 10073 10073 10078 10078 10078 10078 10078 10078 10078 10078 10078 10078 10078 10078 10078 10078 10078 10078 10078 10078 10078 10078 10078 10078 10078 10078 1008 1008 1008 1008 1008 10080 10080 10080 10080 10080 10080 10080 10080 10080 10080 10080 10080 10080 10080 10080 10080 10080 10080 10080 10080 10080 10080 10080 10080 10080 10080 10080 10080 10080 10080 10080 10080 10080 10080 10080 10080 10080 10080 10080 10080 10080 10080 10081 10081 10081 10081 10081 10081 10081 10081 10086 10086 10088 10090 10090 10090 10091 10091 10091 10091 10091 10091 10091 10091 10091 10091 10091 10091 10091 10091 10091 10091 10091 10091 10091 10091 10091 10091 10091 10091 10091 10091 10095 10095 10095 10096 10096 10096 10096 10098 10098 10098 10100 10100 10100 10100 10100 10100 10100 10100 10100 10100 10100 10100 10100 10100 10102 10105 10105 10105 10105 10105 10105 10105 10106 10106 10106 10106 10106 10106 10106 10106 10106 10106 10106 10106 10106 10106 10106 10106 10106 10106 10106 10106 10106 10107 10107 10107 10107 10107 1011 1011 1011 1011 1011 1011 10110 10110 10110 10110 10110 10110 10110 10110 10110 10110 10110 10110 10110 10110 10110 10110 10110 10112 10114 10114 10114 10114 10114 10114 10115 10120 10120 10120 10120 10120 10120 10120 10122 10122 10122 10122 10122 10122 10122 10122 10122 10122 10122 10122 10122 10122 10122 10122 10122 10122 10122 10124 10124 10124 10124 10124 10124 10124 10124 10124 10124 10124 10124 10124 10124 10124 10124 10124 10124 10124 10124 10124 10124 10124 10124 10124 10124 10128 10129 10130 10130 10135 10135 10135 10135 10135 10135 10135 10135 10135 10139 10139 10139 10139 10139 10140 10140 10140 10140 10140 10140 10140 10146 10146 10146 10146 1015 1015 1015 1015 1015 1015 10151 10151 10151 10155 10155 10155 10155 10156 10156 10156 10156 10156 10156 10156 10158 10158 10158 10158 10158
1 10005 10043 10048 10048 10080 10080 10080 10081 10091
10049 10049 10151
10066
10005
1 1 1 10078 10078 10080 10091 10095 10100 10122 10124 10124 10124 10139
10049 10106 10124 10124 10135
10015 10015 10015 10042 10066 10078 10080 10080 10080 10080 10080 10080 10080 10080 10080 10080 10081 10107 10107 10122 10122 10122 10135 10146
10146
10078 10078 10078 10080 10080 10080 10080 10106
10067 10095
1 1 1000 10005 10038 10048 10073 10078 1008 10081 10091 10091 10091 10100 10107 10122 10124 10135 10139 10140 1015
10080 10080
10091
1
10023 10067 10067 10067 10107 10114
10096
10049
10095 10140
1
10
10086
10 10054 10078
1 1 1 1 1 1 1 10025 10078 10078 10106
10058 10058
1 1 1 1 1 1 1 1 1 1 1 1 1 1 10 10 10 10 10 10 10 10 10 100 1000 1000 1000 1000 1000 1000 10000 10000 10005 10005 10005 10005 10005 10005 10005 10011 10011 10011 10011 10011 10011 10011 10011 10014 10015 10015 10018 10018 10018 10025 10025 10038 10038 10038 10038 10041 10042 10043 10043 10043 10043 10043 10043 10043 10043 10043 10043 10048 10048 10048 10048 10049 10049 10049 10049 10049 10049 10049 10049 10049 10049 10049 10049 10049 10049 10049 10049 10052 10054 10054 10054 10054 10057 10057 10065 10065 10066 10066 10066 10067 10067 10068 10071 10071 10071 10071 10073 10073 10073 10073 10078 10078 10078 10078 10078 10078 10078 10078 10078 10078 10078 1008 10080 10080 10080 10080 10080 10080 10080 10080 10080 10080 10080 10080 10080 10080 10080 10080 10080 10080 10080 10081 10081 10081 10081 10081 10081 10086 10086 10086 10088 10089 10090 10091 10091 10091 10091 10091 10091 10091 10091 10095 10095 10095 10096 10098 10100 10100 10100 10100 10100 10100 10100 10100 10102 10102 10105 10105 10105 10106 10106 10106 10106 10106 10106 10106 10106 10106 10106 10106 10107 10107 10107 10107 1011 10110 10110 10110 10110 10110 10114 10114 10114 10115 10115 10120 10120 10120 10120 10120 10122 10122 10122 10122 10122 10122 10122 10122 10122 10122 10122 10124 10124 10124 10124 10124 10124 10124 10124 10124 10124 10124 10124 10124 10124 10124 10128 10129 10130 10135 10135 10135 10135 10139 10139 10139 10139 10140 10140 10140 10140 10140 10146 10146 10146 1015 1015 1015 1015 10151 10151 10151 10155 10155 10155 10155 10158
10105
1000 10048 1008 10080 10080 10080 10081 10091 10095 10106 10122 10124
10091
10005 10005 10078 10081 10081 10100 10106 10124 10124 10124 10124 10139
1 1 10015 10043 10043
10043 10043 10043 10043 10043 10043 10043 10043 10107 10120 10120 10120 10120
10081 10100
1015
1 1 1 10 100 100 10025 10025 10041 10043 1008 10120 10120
10062 10062 10062 10106
10120
10135
10078
10091 10091 10122 10122
10023
1 10005 10043 10100 10106 10106 10106 10107 10107 10107 10107 10135 10135
10106 10107 10107
100 100 10073 10080 10080 10106 10106 10110
10086
10158
10049
10106
1015 1015 1015
10110 10110 10110 10110
10014 10078
10048 1008 10081
10041
10110 10110 10110 10110 10110 10110
10124
10139
10080
10106
10038
10025 10025 10046 10068 10068 1008 1008 1008 10080 10081 10091 10130 1015 1015
10002 10054
10078
10156
10014
10110
10080
10005 10091
10005 10005 1008 10080 10091 10091
10105
10080 10120 10120
1 1 10048 10062 10062 10062 1007 10078 10080 10080 10080 10080 10080 10080 10080 10080 10080 10081 10106 10106 10106 10114 10114 10114 10114 10120 10154 10154
10110 10110 10110 10110 10110
10080
10114
10089
1000
10080
10011 10091
1 10 10005 10042 10078 10098 10146 10151
10091
10091
10091
10073
10071 10088 10102
1007
10135 10135 10135
10066 10066 10107 10107 10124 10124 10124
10066
10018 10018 10038 10038 10038 10038 10038 10038 10052 10052 10052 10052 10058 10071 10073 10080 10098 10105 10105 10128 10129 10129 10139 10140 10140 10151
10073
10049 10080 10100 10106
10035 10035 10067 10067 10067
10089
10038
10100 10122 10122 10124
10080
10018
10091 10095 10122
10091
10 10000 10000 10041 10048 10080 10080 10091 10107 10124 10135 10135
10100
10100
10038 10038
10062
1000 10050 10050 10115
10106
10049
1 1
10091
10038
10110
10066 10066 10066 10066 10066
10080 10106 10106 10106 10106 10106 10106 10106 10106 10106 10106 10106
10071
10088 10088
1000 1000 10078 10106
10158
10080 10080
10049
10043
10078 10080 10091 10106
1000
1000 1000 1000 1000 1000 1000
10014 10014 10014 10014 10014
1 10080
10130 10130
10080
10015
10041
10041 10041 10041 10041 10041
10112
10112
10008 10008 10008 10008 10008 10008 10023 10023 10023 10027 10027 10027 10027 10027 10027 10027 1003 1003 1003 1003 1003 1003 10032 10032 10032 10032 10032 10032 10037 10037 10037 10037 10037 10037 10040 10040 10040 10040 10040 10040 10040 10040 10046 10046 10046 10046 10046 10046 10053 10053 10053 10062 10062 10062 1007 1007 1007 10074 10076 10083 10083 10083 10083 10083 10083 10083 10083 10089 10089 10089 10089 10089 10089 10089 10089 1009 1009 1009 10092 10094 10094 10094 10094 10094 10094 10097 10097 10097 10097 10097 10097 10097 10097 10097 10097 10099 10099 10099 10099 1010 1010 1010 1010 1010 10108 10108 10108 10109 1011 1011 1011 1011 1011 1011 1011 1011 10119 10119 10119 10119 10119 10119 10130 10130 10130 10130 10130 10130
10078
10095
10080
10106
10091 10091 10122
10080
10124
10005 10106 10124
10124
10 10 10 10146
1 1000 1000 10002 10005 10005 10005 10011 10014 10014 10041 10041 10041 10049 10078 10078 10080 10080 10080 10081 10090 10090 10091 10100 10100 10106 10106 10106 10122 10122 10122 10124 10124 10124 10124 10135 10135 1015 10156 10158
10078
10080 10081
10005 10005 10005 10005 10005 10078 10078 10078 10078 10078 10078 10091 10091 10091 10091 10091 10091 10091 10091 10091 10106 10106 10106
10041
10156 10156
1 1 10048 10079 10079 10081 10081 10091 10107 10122 10139 10153 10153 10154 10154 10155 10156 10156 10156
1 100 10100
1 10124
10095
1
1 1 1 1 1 1 1 1 1 10 10000 10041 10041 10041 10049 10052 10058 10067 10080 10081 10086 10091 10091 10100 10129 10140
10080 10081 10106
10139 10139
10078 10091 10091 10100 10114
10120 10120 10120
10005 10080 10090 10091 10122 10122 10140
10005 10124
10048 10081 10091 10106 10124
1 10000 10015 10015 10025 10038 10042 10049 10049 10067 10068 10080 10080 10090 10090 10091 10098 10105 10106 10120 10124 10128 10129 10140 1015 1015
1000 10011 10011 10011 10049 10080 10124
10106
10146
10078
10081 10122
1 10000 10000 10014 10038 10038 10038 10043 10043 10043 10054 10054 10057 10057 10057 10071 10073 10073 10073 10078 10078 10078 10078 10078 10080 10090 10095 10095 10095 10095 10096 10098 10105 10105 10106 10110 10110 10110 10110 10110 10114 10122 10124 10124 10124 10124 10124 10128 10140 10146 1015 1015 10151 10151 10151
10005 10005 10005 10005
10025 10025 10025 10025
1 1 1 100 100 100 10005 10005 10015 10025 10038 10041 10043 10043 10043 10043 10043 10043 10048 10049 10066 10066 10073 1008 1008 10080 10080 10091 10091 10091 10095 10096 10098 10106 10106 10106 10106 10106 10107 1011 10110 10122 10122 10122 10124 10135 1015 1015 10151 10151
10066 10122
10078 10081
10038
10080
10080 10124
10 10
10014
10124
10049
10122
10095 10122
10122
10043 10043 10043 10049 10078 10078 10100 10107 10107
10
10106
10049 10110 10139
1 10 10 10 10005 10015 10015 10042 10049 10049 10049 10049 10049 10049 10049 10049 10049 10049 10049 10078 10078 10078 10080 10080 10080 10080 10091 10100 10100 10106 10114 10114 10122 10124 10124 10124 10139
1007
10078
10005
10106
10080
10106 10106
1 1 100 100 10000 10008 10008 10008 10011 10011 10023 10023 10023 1003 1003 10032 10037 10038 10038 10038 10041 10043 10046 10046 10046 10053 1007 10071 10078 10080 10080 10080 10080 10080 10083 10083 10083 10083 10089 10089 10089 1009 10094 10095 10097 10097 10099 10099 1010 10100 10105 10105 10108 1011 1011 1011 10119 1013 1013 10130 10135 10135 10140 10140 1015
10000 10105
10041
100
10025 10041
10 10041 10071 10080 10080 10080 10124
1000 10100 10107
10005 10081 10081
10073
1 1 1 1 1 1 1 1 10014 10049 10073 10155 10155 10155 10156
10124
100
1
10139
